{
    "focal_length": 500,
    "scale": 1,
    "cameras": [
        [
            [
                1.0,
                0.0,
                0.0,
                0.0
            ],
            [
                0.0,
                1.0,
                0.0,
                0.0
            ],
            [
                0.0,
                0.0,
                1.0,
                0.0
            ],
            [
                0.0,
                0.0,
                0.0,
                1.0
            ]
        ],
        [
            [
                0.0,
                0.0,
                -1.0,
                1.0
            ],
            [
                0.0,
                1.0,
                0.0,
                0.0
            ],
            [
                1.0,
                0.0,
                0.0,
                1.0
            ],
            [
                0.0,
                0.0,
                0.0,
                1.0
            ]
        ],
        [
            [
                -1.0,
                0.0,
                0.0,
                0.0
            ],
            [
                0.0,
                1.0,
                0.0,
                0.0
            ],
            [
                0.0,
                0.0,
                -1.0,
                2.0
            ],
            [
                0.0,
                0.0,
                0.0,
                1.0
            ]
        ],
        [
            [
                0.0,
                0.0,
                1.0,
                -1.0
            ],
            [
                0.0,
                1.0,
                0.0,
                0.0
            ],
            [
                -1.0,
                0.0,
                0.0,
                1.0
            ],
            [
                0.0,
                0.0,
                0.0,
                1.0
            ]
        ]
    ],
    "cameras_interp": [
        [
            [
                1.0,
                0.0,
                0.0,
                0.0
            ],
            [
                0.0,
                1.0,
                0.0,
                0.0
            ],
            [
                0.0,
                0.0,
                1.0,
                0.0
            ],
            [
                0.0,
                0.0,
                0.0,
                1.0
            ]
        ],
        [
            [
                0.99691733,
                0.0,
                -0.078459096,
                0.078459096
            ],
            [
                0.0,
                1.0,
                0.0,
                0.0
            ],
            [
                0.078459096,
                0.0,
                0.99691733,
                0.0030826663
            ],
            [
                0.0,
                0.0,
                0.0,
                1.0
            ]
        ],
        [
            [
                0.98768834,
                0.0,
                -0.15643447,
                0.15643447
            ],
            [
                0.0,
                1.0,
                0.0,
                0.0
            ],
            [
                0.15643447,
                0.0,
                0.98768834,
                0.012311659
            ],
            [
                0.0,
                0.0,
                0.0,
                1.0
            ]
        ],
        [
            [
                0.97236992,
                0.0,
                -0.23344536,
                0.23344536
            ],
            [
                0.0,
                1.0,
                0.0,
                0.0
            ],
            [
                0.23344536,
                0.0,
                0.97236992,
                0.02763008
            ],
            [
                0.0,
                0.0,
                0.0,
                1.0
            ]
        ],
        [
            [
                0.95105652,
                0.0,
                -0.30901699,
                0.30901699
            ],
            [
                0.0,
                1.0,
                0.0,
                0.0
            ],
            [
                0.30901699,
                0.0,
                0.95105652,
                0.048943484
            ],
            [
                0.0,
                0.0,
                0.0,
                1.0
            ]
        ],
        [
            [
                0.92387953,
                0.0,
                -0.38268343,
                0.38268343
            ],
            [
                0.0,
                1.0,
                0.0,
                0.0
            ],
            [
                0.38268343,
                0.0,
                0.92387953,
                0.076120467
            ],
            [
                0.0,
                0.0,
                0.0,
                1.0
            ]
        ],
        [
            [
                0.89100652,
                0.0,
                -0.4539905,
                0.4539905
            ],
            [
                0.0,
                1.0,
                0.0,
                0.0
            ],
            [
                0.4539905,
                0.0,
                0.89100652,
                0.10899348
            ],
            [
                0.0,
                0.0,
                0.0,
                1.0
            ]
        ],
        [
            [
                0.85264016,
                0.0,
                -0.52249856,
                0.52249856
            ],
            [
                0.0,
                1.0,
                0.0,
                0.0
            ],
            [
                0.52249856,
                0.0,
                0.85264016,
                0.14735984
            ],
            [
                0.0,
                0.0,
                0.0,
                1.0
            ]
        ],
        [
            [
                0.80901699,
                0.0,
                -0.58778525,
                0.58778525
            ],
            [
                0.0,
                1.0,
                0.0,
                0.0
            ],
            [
                0.58778525,
                0.0,
                0.80901699,
                0.19098301
            ],
            [
                0.0,
                0.0,
                0.0,
                1.0
            ]
        ],
        [
            [
                0.76040597,
                0.0,
                -0.64944805,
                0.64944805
            ],
            [
                0.0,
                1.0,
                0.0,
                0.0
            ],
            [
                0.64944805,
                0.0,
                0.76040597,
                0.23959403
            ],
            [
                0.0,
                0.0,
                0.0,
                1.0
            ]
        ],
        [
            [
                0.70710678,
                0.0,
                -0.70710678,
                0.70710678
            ],
            [
                0.0,
                1.0,
                0.0,
                0.0
            ],
            [
                0.70710678,
                0.0,
                0.70710678,
                0.29289322
            ],
            [
                0.0,
                0.0,
                0.0,
                1.0
            ]
        ],
        [
            [
                0.64944805,
                0.0,
                -0.76040597,
                0.76040597
            ],
            [
                0.0,
                1.0,
                0.0,
                0.0
            ],
            [
                0.76040597,
                0.0,
                0.64944805,
                0.35055195
            ],
            [
                0.0,
                0.0,
                0.0,
                1.0
            ]
        ],
        [
            [
                0.58778525,
                0.0,
                -0.80901699,
                0.80901699
            ],
            [
                0.0,
                1.0,
                0.0,
                0.0
            ],
            [
                0.80901699,
                0.0,
                0.58778525,
                0.41221475
            ],
            [
                0.0,
                0.0,
                0.0,
                1.0
            ]
        ],
        [
            [
                0.52249856,
                0.0,
                -0.85264016,
                0.85264016
            ],
            [
                0.0,
                1.0,
                0.0,
                0.0
            ],
            [
                0.85264016,
                0.0,
                0.52249856,
                0.47750144
            ],
            [
                0.0,
                0.0,
                0.0,
                1.0
            ]
        ],
        [
            [
                0.4539905,
                0.0,
                -0.89100652,
                0.89100652
            ],
            [
                0.0,
                1.0,
                0.0,
                0.0
            ],
            [
                0.89100652,
                0.0,
                0.4539905,
                0.5460095
            ],
            [
                0.0,
                0.0,
                0.0,
                1.0
            ]
        ],
        [
            [
                0.38268343,
                0.0,
                -0.92387953,
                0.92387953
            ],
            [
                0.0,
                1.0,
                0.0,
                0.0
            ],
            [
                0.92387953,
                0.0,
                0.38268343,
                0.61731657
            ],
            [
                0.0,
                0.0,
                0.0,
                1.0
            ]
        ],
        [
            [
                0.30901699,
                0.0,
                -0.95105652,
                0.95105652
            ],
            [
                0.0,
                1.0,
                0.0,
                0.0
            ],
            [
                0.95105652,
                0.0,
                0.30901699,
                0.69098301
            ],
            [
                0.0,
                0.0,
                0.0,
                1.0
            ]
        ],
        [
            [
                0.23344536,
                0.0,
                -0.97236992,
                0.97236992
            ],
            [
                0.0,
                1.0,
                0.0,
                0.0
            ],
            [
                0.97236992,
                0.0,
                0.23344536,
                0.76655464
            ],
            [
                0.0,
                0.0,
                0.0,
                1.0
            ]
        ],
        [
            [
                0.15643447,
                0.0,
                -0.98768834,
                0.98768834
            ],
            [
                0.0,
                1.0,
                0.0,
                0.0
            ],
            [
                0.98768834,
                0.0,
                0.15643447,
                0.84356553
            ],
            [
                0.0,
                0.0,
                0.0,
                1.0
            ]
        ],
        [
            [
                0.078459096,
                0.0,
                -0.99691733,
                0.99691733
            ],
            [
                0.0,
                1.0,
                0.0,
                0.0
            ],
            [
                0.99691733,
                0.0,
                0.078459096,
                0.9215409
            ],
            [
                0.0,
                0.0,
                0.0,
                1.0
            ]
        ],
        [
            [
                0.0,
                0.0,
                -1.0,
                1.0
            ],
            [
                0.0,
                1.0,
                0.0,
                0.0
            ],
            [
                1.0,
                0.0,
                0.0,
                1.0
            ],
            [
                0.0,
                0.0,
                0.0,
                1.0
            ]
        ],
        [
            [
                -0.078459096,
                0.0,
                -0.99691733,
                0.99691733
            ],
            [
                0.0,
                1.0,
                0.0,
                0.0
            ],
            [
                0.99691733,
                0.0,
                -0.078459096,
                1.0784591
            ],
            [
                0.0,
                0.0,
                0.0,
                1.0
            ]
        ],
        [
            [
                -0.15643447,
                0.0,
                -0.98768834,
                0.98768834
            ],
            [
                0.0,
                1.0,
                0.0,
                0.0
            ],
            [
                0.98768834,
                0.0,
                -0.15643447,
                1.1564345
            ],
            [
                0.0,
                0.0,
                0.0,
                1.0
            ]
        ],
        [
            [
                -0.23344536,
                0.0,
                -0.97236992,
                0.97236992
            ],
            [
                0.0,
                1.0,
                0.0,
                0.0
            ],
            [
                0.97236992,
                0.0,
                -0.23344536,
                1.2334454
            ],
            [
                0.0,
                0.0,
                0.0,
                1.0
            ]
        ],
        [
            [
                -0.30901699,
                0.0,
                -0.95105652,
                0.95105652
            ],
            [
                0.0,
                1.0,
                0.0,
                0.0
            ],
            [
                0.95105652,
                0.0,
                -0.30901699,
                1.309017
            ],
            [
                0.0,
                0.0,
                0.0,
                1.0
            ]
        ],
        [
            [
                -0.38268343,
                0.0,
                -0.92387953,
                0.92387953
            ],
            [
                0.0,
                1.0,
                0.0,
                0.0
            ],
            [
                0.92387953,
                0.0,
                -0.38268343,
                1.3826834
            ],
            [
                0.0,
                0.0,
                0.0,
                1.0
            ]
        ],
        [
            [
                -0.4539905,
                0.0,
                -0.89100652,
                0.89100652
            ],
            [
                0.0,
                1.0,
                0.0,
                0.0
            ],
            [
                0.89100652,
                0.0,
                -0.4539905,
                1.4539905
            ],
            [
                0.0,
                0.0,
                0.0,
                1.0
            ]
        ],
        [
            [
                -0.52249856,
                0.0,
                -0.85264016,
                0.85264016
            ],
            [
                0.0,
                1.0,
                0.0,
                0.0
            ],
            [
                0.85264016,
                0.0,
                -0.52249856,
                1.5224986
            ],
            [
                0.0,
                0.0,
                0.0,
                1.0
            ]
        ],
        [
            [
                -0.58778525,
                0.0,
                -0.80901699,
                0.80901699
            ],
            [
                0.0,
                1.0,
                0.0,
                0.0
            ],
            [
                0.80901699,
                0.0,
                -0.58778525,
                1.5877853
            ],
            [
                0.0,
                0.0,
                0.0,
                1.0
            ]
        ],
        [
            [
                -0.64944805,
                0.0,
                -0.76040597,
                0.76040597
            ],
            [
                0.0,
                1.0,
                0.0,
                0.0
            ],
            [
                0.76040597,
                0.0,
                -0.64944805,
                1.649448
            ],
            [
                0.0,
                0.0,
                0.0,
                1.0
            ]
        ],
        [
            [
                -0.70710678,
                0.0,
                -0.70710678,
                0.70710678
            ],
            [
                0.0,
                1.0,
                0.0,
                0.0
            ],
            [
                0.70710678,
                0.0,
                -0.70710678,
                1.7071068
            ],
            [
                0.0,
                0.0,
                0.0,
                1.0
            ]
        ],
        [
            [
                -0.76040597,
                0.0,
                -0.64944805,
                0.64944805
            ],
            [
                0.0,
                1.0,
                0.0,
                0.0
            ],
            [
                0.64944805,
                0.0,
                -0.76040597,
                1.760406
            ],
            [
                0.0,
                0.0,
                0.0,
                1.0
            ]
        ],
        [
            [
                -0.80901699,
                0.0,
                -0.58778525,
                0.58778525
            ],
            [
                0.0,
                1.0,
                0.0,
                0.0
            ],
            [
                0.58778525,
                0.0,
                -0.80901699,
                1.809017
            ],
            [
                0.0,
                0.0,
                0.0,
                1.0
            ]
        ],
        [
            [
                -0.85264016,
                0.0,
                -0.52249856,
                0.52249856
            ],
            [
                0.0,
                1.0,
                0.0,
                0.0
            ],
            [
                0.52249856,
                0.0,
                -0.85264016,
                1.8526402
            ],
            [
                0.0,
                0.0,
                0.0,
                1.0
            ]
        ],
        [
            [
                -0.89100652,
                0.0,
                -0.4539905,
                0.4539905
            ],
            [
                0.0,
                1.0,
                0.0,
                0.0
            ],
            [
                0.4539905,
                0.0,
                -0.89100652,
                1.8910065
            ],
            [
                0.0,
                0.0,
                0.0,
                1.0
            ]
        ],
        [
            [
                -0.92387953,
                0.0,
                -0.38268343,
                0.38268343
            ],
            [
                0.0,
                1.0,
                0.0,
                0.0
            ],
            [
                0.38268343,
                0.0,
                -0.92387953,
                1.9238795
            ],
            [
                0.0,
                0.0,
                0.0,
                1.0
            ]
        ],
        [
            [
                -0.95105652,
                0.0,
                -0.30901699,
                0.30901699
            ],
            [
                0.0,
                1.0,
                0.0,
                0.0
            ],
            [
                0.30901699,
                0.0,
                -0.95105652,
                1.9510565
            ],
            [
                0.0,
                0.0,
                0.0,
                1.0
            ]
        ],
        [
            [
                -0.97236992,
                0.0,
                -0.23344536,
                0.23344536
            ],
            [
                0.0,
                1.0,
                0.0,
                0.0
            ],
            [
                0.23344536,
                0.0,
                -0.97236992,
                1.9723699
            ],
            [
                0.0,
                0.0,
                0.0,
                1.0
            ]
        ],
        [
            [
                -0.98768834,
                0.0,
                -0.15643447,
                0.15643447
            ],
            [
                0.0,
                1.0,
                0.0,
                0.0
            ],
            [
                0.15643447,
                0.0,
                -0.98768834,
                1.9876883
            ],
            [
                0.0,
                0.0,
                0.0,
                1.0
            ]
        ],
        [
            [
                -0.99691733,
                0.0,
                -0.078459096,
                0.078459096
            ],
            [
                0.0,
                1.0,
                0.0,
                0.0
            ],
            [
                0.078459096,
                0.0,
                -0.99691733,
                1.9969173
            ],
            [
                0.0,
                0.0,
                0.0,
                1.0
            ]
        ],
        [
            [
                -1.0,
                0.0,
                0.0,
                0.0
            ],
            [
                0.0,
                1.0,
                0.0,
                0.0
            ],
            [
                0.0,
                0.0,
                -1.0,
                2.0
            ],
            [
                0.0,
                0.0,
                0.0,
                1.0
            ]
        ],
        [
            [
                -0.99691733,
                0.0,
                0.078459096,
                -0.078459096
            ],
            [
                0.0,
                1.0,
                0.0,
                0.0
            ],
            [
                -0.078459096,
                0.0,
                -0.99691733,
                1.9969173
            ],
            [
                0.0,
                0.0,
                0.0,
                1.0
            ]
        ],
        [
            [
                -0.98768834,
                0.0,
                0.15643447,
                -0.15643447
            ],
            [
                0.0,
                1.0,
                0.0,
                0.0
            ],
            [
                -0.15643447,
                0.0,
                -0.98768834,
                1.9876883
            ],
            [
                0.0,
                0.0,
                0.0,
                1.0
            ]
        ],
        [
            [
                -0.97236992,
                0.0,
                0.23344536,
                -0.23344536
            ],
            [
                0.0,
                1.0,
                0.0,
                0.0
            ],
            [
                -0.23344536,
                0.0,
                -0.97236992,
                1.9723699
            ],
            [
                0.0,
                0.0,
                0.0,
                1.0
            ]
        ],
        [
            [
                -0.95105652,
                0.0,
                0.30901699,
                -0.30901699
            ],
            [
                0.0,
                1.0,
                0.0,
                0.0
            ],
            [
                -0.30901699,
                0.0,
                -0.95105652,
                1.9510565
            ],
            [
                0.0,
                0.0,
                0.0,
                1.0
            ]
        ],
        [
            [
                -0.92387953,
                0.0,
                0.38268343,
                -0.38268343
            ],
            [
                0.0,
                1.0,
                0.0,
                0.0
            ],
            [
                -0.38268343,
                0.0,
                -0.92387953,
                1.9238795
            ],
            [
                0.0,
                0.0,
                0.0,
                1.0
            ]
        ],
        [
            [
                -0.89100652,
                0.0,
                0.4539905,
                -0.4539905
            ],
            [
                0.0,
                1.0,
                0.0,
                0.0
            ],
            [
                -0.4539905,
                0.0,
                -0.89100652,
                1.8910065
            ],
            [
                0.0,
                0.0,
                0.0,
                1.0
            ]
        ],
        [
            [
                -0.85264016,
                0.0,
                0.52249856,
                -0.52249856
            ],
            [
                0.0,
                1.0,
                0.0,
                0.0
            ],
            [
                -0.52249856,
                0.0,
                -0.85264016,
                1.8526402
            ],
            [
                0.0,
                0.0,
                0.0,
                1.0
            ]
        ],
        [
            [
                -0.80901699,
                0.0,
                0.58778525,
                -0.58778525
            ],
            [
                0.0,
                1.0,
                0.0,
                0.0
            ],
            [
                -0.58778525,
                0.0,
                -0.80901699,
                1.809017
            ],
            [
                0.0,
                0.0,
                0.0,
                1.0
            ]
        ],
        [
            [
                -0.76040597,
                0.0,
                0.64944805,
                -0.64944805
            ],
            [
                0.0,
                1.0,
                0.0,
                0.0
            ],
            [
                -0.64944805,
                0.0,
                -0.76040597,
                1.760406
            ],
            [
                0.0,
                0.0,
                0.0,
                1.0
            ]
        ],
        [
            [
                -0.70710678,
                0.0,
                0.70710678,
                -0.70710678
            ],
            [
                0.0,
                1.0,
                0.0,
                0.0
            ],
            [
                -0.70710678,
                0.0,
                -0.70710678,
                1.7071068
            ],
            [
                0.0,
                0.0,
                0.0,
                1.0
            ]
        ],
        [
            [
                -0.64944805,
                0.0,
                0.76040597,
                -0.76040597
            ],
            [
                0.0,
                1.0,
                0.0,
                0.0
            ],
            [
                -0.76040597,
                0.0,
                -0.64944805,
                1.649448
            ],
            [
                0.0,
                0.0,
                0.0,
                1.0
            ]
        ],
        [
            [
                -0.58778525,
                0.0,
                0.80901699,
                -0.80901699
            ],
            [
                0.0,
                1.0,
                0.0,
                0.0
            ],
            [
                -0.80901699,
                0.0,
                -0.58778525,
                1.5877853
            ],
            [
                0.0,
                0.0,
                0.0,
                1.0
            ]
        ],
        [
            [
                -0.52249856,
                0.0,
                0.85264016,
                -0.85264016
            ],
            [
                0.0,
                1.0,
                0.0,
                0.0
            ],
            [
                -0.85264016,
                0.0,
                -0.52249856,
                1.5224986
            ],
            [
                0.0,
                0.0,
                0.0,
                1.0
            ]
        ],
        [
            [
                -0.4539905,
                0.0,
                0.89100652,
                -0.89100652
            ],
            [
                0.0,
                1.0,
                0.0,
                0.0
            ],
            [
                -0.89100652,
                0.0,
                -0.4539905,
                1.4539905
            ],
            [
                0.0,
                0.0,
                0.0,
                1.0
            ]
        ],
        [
            [
                -0.38268343,
                0.0,
                0.92387953,
                -0.92387953
            ],
            [
                0.0,
                1.0,
                0.0,
                0.0
            ],
            [
                -0.92387953,
                0.0,
                -0.38268343,
                1.3826834
            ],
            [
                0.0,
                0.0,
                0.0,
                1.0
            ]
        ],
        [
            [
                -0.30901699,
                0.0,
                0.95105652,
                -0.95105652
            ],
            [
                0.0,
                1.0,
                0.0,
                0.0
            ],
            [
                -0.95105652,
                0.0,
                -0.30901699,
                1.309017
            ],
            [
                0.0,
                0.0,
                0.0,
                1.0
            ]
        ],
        [
            [
                -0.23344536,
                0.0,
                0.97236992,
                -0.97236992
            ],
            [
                0.0,
                1.0,
                0.0,
                0.0
            ],
            [
                -0.97236992,
                0.0,
                -0.23344536,
                1.2334454
            ],
            [
                0.0,
                0.0,
                0.0,
                1.0
            ]
        ],
        [
            [
                -0.15643447,
                0.0,
                0.98768834,
                -0.98768834
            ],
            [
                0.0,
                1.0,
                0.0,
                0.0
            ],
            [
                -0.98768834,
                0.0,
                -0.15643447,
                1.1564345
            ],
            [
                0.0,
                0.0,
                0.0,
                1.0
            ]
        ],
        [
            [
                -0.078459096,
                0.0,
                0.99691733,
                -0.99691733
            ],
            [
                0.0,
                1.0,
                0.0,
                0.0
            ],
            [
                -0.99691733,
                0.0,
                -0.078459096,
                1.0784591
            ],
            [
                0.0,
                0.0,
                0.0,
                1.0
            ]
        ],
        [
            [
                0.0,
                0.0,
                1.0,
                -1.0
            ],
            [
                0.0,
                1.0,
                0.0,
                0.0
            ],
            [
                -1.0,
                0.0,
                0.0,
                1.0
            ],
            [
                0.0,
                0.0,
                0.0,
                1.0
            ]
        ],
        [
            [
                0.078459096,
                0.0,
                0.99691733,
                -0.99691733
            ],
            [
                0.0,
                1.0,
                0.0,
                0.0
            ],
            [
                -0.99691733,
                0.0,
                0.078459096,
                0.9215409
            ],
            [
                0.0,
                0.0,
                0.0,
                1.0
            ]
        ],
        [
            [
                0.15643447,
                0.0,
                0.98768834,
                -0.98768834
            ],
            [
                0.0,
                1.0,
                0.0,
                0.0
            ],
            [
                -0.98768834,
                0.0,
                0.15643447,
                0.84356553
            ],
            [
                0.0,
                0.0,
                0.0,
                1.0
            ]
        ],
        [
            [
                0.23344536,
                0.0,
                0.97236992,
                -0.97236992
            ],
            [
                0.0,
                1.0,
                0.0,
                0.0
            ],
            [
                -0.97236992,
                0.0,
                0.23344536,
                0.76655464
            ],
            [
                0.0,
                0.0,
                0.0,
                1.0
            ]
        ],
        [
            [
                0.30901699,
                0.0,
                0.95105652,
                -0.95105652
            ],
            [
                0.0,
                1.0,
                0.0,
                0.0
            ],
            [
                -0.95105652,
                0.0,
                0.30901699,
                0.69098301
            ],
            [
                0.0,
                0.0,
                0.0,
                1.0
            ]
        ],
        [
            [
                0.38268343,
                0.0,
                0.92387953,
                -0.92387953
            ],
            [
                0.0,
                1.0,
                0.0,
                0.0
            ],
            [
                -0.92387953,
                0.0,
                0.38268343,
                0.61731657
            ],
            [
                0.0,
                0.0,
                0.0,
                1.0
            ]
        ],
        [
            [
                0.4539905,
                0.0,
                0.89100652,
                -0.89100652
            ],
            [
                0.0,
                1.0,
                0.0,
                0.0
            ],
            [
                -0.89100652,
                0.0,
                0.4539905,
                0.5460095
            ],
            [
                0.0,
                0.0,
                0.0,
                1.0
            ]
        ],
        [
            [
                0.52249856,
                0.0,
                0.85264016,
                -0.85264016
            ],
            [
                0.0,
                1.0,
                0.0,
                0.0
            ],
            [
                -0.85264016,
                0.0,
                0.52249856,
                0.47750144
            ],
            [
                0.0,
                0.0,
                0.0,
                1.0
            ]
        ],
        [
            [
                0.58778525,
                0.0,
                0.80901699,
                -0.80901699
            ],
            [
                0.0,
                1.0,
                0.0,
                0.0
            ],
            [
                -0.80901699,
                0.0,
                0.58778525,
                0.41221475
            ],
            [
                0.0,
                0.0,
                0.0,
                1.0
            ]
        ],
        [
            [
                0.64944805,
                0.0,
                0.76040597,
                -0.76040597
            ],
            [
                0.0,
                1.0,
                0.0,
                0.0
            ],
            [
                -0.76040597,
                0.0,
                0.64944805,
                0.35055195
            ],
            [
                0.0,
                0.0,
                0.0,
                1.0
            ]
        ],
        [
            [
                0.70710678,
                0.0,
                0.70710678,
                -0.70710678
            ],
            [
                0.0,
                1.0,
                0.0,
                0.0
            ],
            [
                -0.70710678,
                0.0,
                0.70710678,
                0.29289322
            ],
            [
                0.0,
                0.0,
                0.0,
                1.0
            ]
        ],
        [
            [
                0.76040597,
                0.0,
                0.64944805,
                -0.64944805
            ],
            [
                0.0,
                1.0,
                0.0,
                0.0
            ],
            [
                -0.64944805,
                0.0,
                0.76040597,
                0.23959403
            ],
            [
                0.0,
                0.0,
                0.0,
                1.0
            ]
        ],
        [
            [
                0.80901699,
                0.0,
                0.58778525,
                -0.58778525
            ],
            [
                0.0,
                1.0,
                0.0,
                0.0
            ],
            [
                -0.58778525,
                0.0,
                0.80901699,
                0.19098301
            ],
            [
                0.0,
                0.0,
                0.0,
                1.0
            ]
        ],
        [
            [
                0.85264016,
                0.0,
                0.52249856,
                -0.52249856
            ],
            [
                0.0,
                1.0,
                0.0,
                0.0
            ],
            [
                -0.52249856,
                0.0,
                0.85264016,
                0.14735984
            ],
            [
                0.0,
                0.0,
                0.0,
                1.0
            ]
        ],
        [
            [
                0.89100652,
                0.0,
                0.4539905,
                -0.4539905
            ],
            [
                0.0,
                1.0,
                0.0,
                0.0
            ],
            [
                -0.4539905,
                0.0,
